8.886752
0.615380
6.074063
4.332232
32.691892
14.281067
11.001765
11.107351
37.851746
5.982062
15.325842
3.932715
6.904434
3.329704
13.999813
27.367831
3.250552
16.722687
1.877546
9.093221
2.668792
12.119185
4.360339
28.576497
27.000775
14.746653
10.073696
2.552626
13.950309
3.592284
19.471313
5.462713
8.356124
1.206363
3.937768
0.805793
5.851720
1.029007
8.392932
2.740334
6.252459
1.968270
13.322591
27.275926
12.288389
4.749871
23.967259
4.218948
3.585188
0.674503
9.173607
6.189239
9.982132
10.368795
9.810311
5.376744
8.054988
7.993267
2.128090
16.944410
8.545176
25.138924
1.741455
11.211460
4.877318
6.788698
3.448288
16.382341
6.650724
23.384613
5.817546
28.779784
17.959466
6.963337
8.961808
7.269582
5.538637
5.473741
12.102659
4.802310
4.579781
12.679531
16.856370
4.141339
22.112976
37.760068
12.892156
7.621740
3.639443
5.370586
16.811637
10.423393
16.640398
19.012219
5.126878
11.423566
14.734934
10.390000
4.546199
11.777660
3.126968
29.334269
1.653854
34.131550
3.859252
11.029629
8.527391
27.867624
16.584378
1.967999
21.194382
3.361736
7.716593
10.337668
11.851222
1.933943
25.862540
9.630411
5.908804
15.035359
13.323386
12.405774
4.135086
26.632617
2.267405
10.051252
15.753058
12.878074
8.330457
11.257816
3.719206
1.810271
16.500955
12.479511
13.247953
1.447042
0.475224
3.348435
15.652632
2.787104
9.441183
2.999942
5.227262
17.970422
5.918437
8.069058
9.528329
9.598135
29.763717
11.083967
19.218167
19.506318
10.694138
10.029347
0.927529
5.018381
5.010661
5.225970
19.051374
9.308424
11.725178
31.217787
0.403831
0.637442
21.487254
18.342233
8.553050
4.890708
4.398003
5.618487
13.929703
4.409806
7.084092
32.599832
28.703112
18.826410
9.755811
24.330506
11.005121
7.665706
9.184106
18.683086
20.650625
12.475999
28.991899
29.266785
6.683940
1.266675
13.211397
8.287070
4.916790
16.498642
7.744151
6.371123
14.559396
21.351388
26.462021
17.648635
28.327432
3.687772
11.542120
4.858413
4.085516
17.040258
46.772130
5.258968
9.928890
3.889537
30.029417
3.077697
13.292751
34.742859
11.749518
11.186707
7.097192
2.858152
5.359110
2.863780
7.138446
4.182778
9.152681
18.733301
9.557408
4.756596
20.040968
4.939038
11.680264
3.830394
11.424814
5.432463
47.415192
21.215359
12.224998
10.491898
41.952958
2.952107
10.324233
2.846055
4.289398
3.822189
9.634757
1.547431
33.641774
3.525292
10.570821
8.360305
7.543870
2.210546
28.956868
19.213515
19.256370
12.486753
2.951760
5.694379
1.529624
8.952810
21.037221
20.972385
9.037565
5.742281
10.254115
7.479536
3.550713
1.143965
0.278338
3.271874
6.905485
9.162117
4.227830
9.516591
6.378990
10.019284
24.018695
3.720044
16.551971
4.623809
30.553386
17.261108
6.695953
17.710711
17.280886
2.072505
9.617483
4.193242
0.929418
15.331466
6.911539
5.410152
12.680131
0.807213
5.765534
7.456083
6.227701
15.520745
12.858349
3.657613
2.952281
17.535835
1.067739
19.121693
17.366024
21.361729
19.486413
5.513095
32.777391
3.732847
0.842358
7.366334
2.350755
13.716536
16.343972
3.213861
9.738627
8.027068
10.601255
7.600200
10.600046
7.791604
18.977597
5.066508
1.424004
4.815166
27.058267
11.215645
18.795864
2.632962
7.818459
32.610941
31.758060
48.184962
8.510896
15.500255
26.831793
11.279896
14.673077
0.827936
4.217158
8.405652
14.696770
14.591050
2.531173
19.948686
2.358775
2.488582
8.590598
5.794495
4.628020
9.112763
2.056330
11.391500
24.373089
1.776351
2.617718
25.469026
12.361827
29.702760
11.911699
8.819141
2.658549
3.542379
1.086901
7.433331
2.072749
5.058475
15.056808
8.711661
26.110786
53.926576
1.719303
11.953688
9.313756
4.539346
9.071758
18.248693
1.288592
1.893983
3.709042
2.325513
16.466609
3.291737
24.924367
8.807196
9.121464
2.200327
3.228173
7.642955
6.724157
14.365569
4.582421
12.178461
7.061525
3.325371
1.574676
25.324846
2.681049
4.382073
13.358850
4.370451
14.812236
15.263360
9.465242
13.097537
3.915281
13.155230
3.110508
15.062875
6.763373
8.869133
6.236616
24.393248
1.174536
9.026856
3.853216
6.863873
5.735568
9.285249
7.410342
18.550396
3.207427
8.073760
9.483419
7.124950
11.680144
16.149926
9.195576
14.699468
8.339088
14.310982
0.655713
16.594689
4.072679
11.619340
19.623758
39.146041
15.815918
2.621204
6.637178
17.760601
5.251948
12.694568
5.299336
3.763892
9.121221
2.151756
0.283057
8.859331
4.057418
12.410113
1.829114
19.066783
18.351471
17.956768
12.523735
12.160102
8.322240
2.652777
7.258365
4.127310
15.934904
9.733250
5.134609
10.189078
19.557279
3.024876
5.940627
2.186234
5.494019
7.161133
10.060545
1.699002
4.555422
13.030405
1.983798
19.142392
1.659099
24.202070
7.707633
4.281900
14.725534
5.076932
11.933725
29.600973
11.908992
9.159550
10.271667
7.500116
5.991123
3.160113
19.139444
28.236679
7.038909
3.739852
0.671566
18.299330
8.117533
1.008371
26.893546
8.236328
10.355742
11.178675
2.186915
5.261909
13.196796
14.307317
7.573806
30.387470
5.433581
4.791417
18.872244
2.856010
11.239915
7.862930
0.684141
3.396783
10.589105
6.530373
20.673236
8.888659
17.753592
23.980592
8.439508
4.853454
8.635071
10.550865
6.036471
7.662939
5.369960
6.713586
5.625719
14.135757
3.437774
22.180775
1.314836
18.213851
13.954991
1.065036
11.060927
4.861079
7.255160
5.465122
9.512001
3.784394
6.188900
5.723089
3.767063
26.752162
6.446280
12.397434
9.891814
1.117566
12.511017
1.589111
1.557321
34.778788
1.320960
21.808053
20.219047
7.395824
5.392688
6.738860
16.412524
22.792430
3.560754
3.818125
3.140358
4.225564
17.317989
19.764281
4.515019
12.079648
2.420012
9.326018
9.005378
25.423291
14.711073
12.185462
16.190884
28.962226
4.710131
24.405656
4.259469
2.737978
7.413121
10.029506
4.458949
3.974443
12.759579
17.538928
9.983734
6.165725
0.807227
5.977253
8.853390
5.342539
11.998174
15.160062
12.824634
9.932069
4.117298
26.929499
4.651803
3.267533
14.670858
12.708527
15.892413
0.994658
5.899273
17.097730
2.658574
11.540886
8.534903
15.569736
14.590186
2.452553
23.016337
14.748405
20.433054
9.736548
4.344648
10.927662
22.339433
41.638110
5.088884
0.731747
4.637877
3.808886
12.101296
19.388132
13.568618
11.228814
4.899057
8.723913
6.120498
4.397095
11.965346
14.766903
4.608357
9.118328
2.764690
3.505170
6.673172
7.493765
1.746845
17.318371
3.185650
15.053129
13.838153
38.904267
20.124498
7.920381
11.388883
5.083100
9.585182
2.354265
22.254690
14.838560
2.319915
1.089153
20.274456
7.355822
8.069287
11.141171
0.224022
13.128289
10.310010
1.677990
11.766397
6.823090
23.956674
52.181516
1.218025
3.246971
3.632208
37.991649
8.744655
25.743909
11.333035
14.085213
15.057967
25.599931
3.177402
4.049450
14.502442
16.443113
8.171508
7.986694
8.137182
21.650317
6.338282
17.568780
16.642635
0.694010
2.946173
11.144656
1.760861
12.443953
17.104178
6.727016
5.463984
7.143020
3.841711
18.493820
9.180090
23.476356
13.693273
15.206038
1.515328
17.358807
1.773387
10.034219
16.072347
10.044294
15.934414
11.988073
0.821120
6.740139
3.021317
12.672211
13.120172
7.494719
28.428022
18.667567
18.770198
4.119276
11.782556
11.366550
1.320813
10.780799
19.172504
7.256110
13.388013
1.423935
6.212890
16.824562
12.416541
13.666976
17.819561
15.249942
6.628954
2.946363
13.340530
5.197782
5.532577
5.091641
8.949424
22.747703
2.584565
4.314506
10.788880
6.514436
8.596202
12.055894
9.137163
14.274725
9.635339
33.066089
14.018134
7.947586
7.241443
11.795201
9.173797
18.046572
13.744678
31.504468
10.993927
21.249690
6.910348
11.756486
8.062076
16.716736
17.288101
2.843159
15.971120
19.524580
23.960510
9.082367
1.720577
26.359948
11.803908
8.088733
3.969088
1.972970
14.025237
11.963163
18.506662
5.557800
12.858598
1.006215
15.404096
1.277036
1.047072
4.607033
9.333180
4.687408
11.083942
22.300928
5.600638
17.040326
14.319324
8.835109
6.810052
1.613536
14.551345
7.913201
20.347506
0.395668
14.102002
3.440386
13.069896
13.306170
3.769954
7.191627
6.123457
13.253996
0.778959
4.171248
12.589384
11.267242
16.464897
6.033863
5.534354
29.159836
13.731398
2.667285
30.074624
0.731532
20.076521
4.808279
8.041043
4.286701
2.056768
13.201335
7.670581
12.771824
10.967214
22.252376
12.309545
10.799439
5.498354
3.656045
5.877271
3.449352
3.827418
23.536846
9.489076
27.035487
6.937123
8.768526
16.451012
5.416510
10.045671
8.224211
0.779586
18.354721
9.337535
16.314666
10.998304
5.330426
4.312948
11.161798
8.025339
6.753590
21.377082
4.773921
12.270785
1.731880
18.883417
17.963901
0.791685
10.557887
23.680067
4.958842
20.365799
8.713862
2.416055
17.966973
14.883322
22.602729
14.870300
29.777051
2.005638
9.852857
17.226394
13.349507
4.879625
1.853739
7.274745
9.473487
1.289305
0.314004
12.273959
21.806558
11.292983
23.639378
11.760612
7.893119
13.709673
10.453747
9.673555
38.008032
10.729879
10.407620
2.712180
6.278001
29.420894
9.570523
19.878486
14.127918
11.597004
10.019749
9.057728
21.183818
31.589460
15.088103
8.243274
0.780166
6.404463
2.338804
8.391731
11.110346
14.000345
40.323905
6.993797
3.158255
13.461680
3.085537
3.558177
26.434532
17.752207
36.671080
21.368875
12.254005
13.517864
3.204878
1.028689
4.651239
3.133491
28.379906
41.064464
25.748467
0.658358
11.828014
13.087063
25.704580
3.446126
2.626870
26.858962
24.439380
0.942274
13.025060
0.553496
7.890753
24.422938
16.025344
2.854735
21.996182
26.973059
8.432095
28.489836
8.358355
6.020263
14.845093
2.969384
5.795648
13.986618
8.776148
9.505797
20.670837
35.769817
3.862495
27.666005
10.993305
15.553983
17.654259
4.550301
9.814884
9.719231
4.781513
16.534333
15.704605
24.670134
7.866576
0.778098
17.001510
8.656118
22.751000
13.028922
3.802187
2.473153
20.419045
14.787076
14.497865
18.422177
12.336173
21.373855
10.885789
10.100373
6.438523
3.543064
5.977326